
SYMMETRICAL COMPONENT VOLTAGES BY BUS (for 3-phase buses)

Bus        Mag:   V1 (kV)    p.u.     V2 (kV)   %V2/V1    V0 (kV)    %V0/V1

sourcebus     66.39     0.9999   0.001932   0.002911 4.32E-009 6.507E-009
650           2.401     0.9998  9.232E-005   0.003845 2.656E-005  0.001106
rg60          2.546       1.06    0.01317     0.5173   0.01317    0.5174
633           2.378     0.9901    0.02434      1.024   0.04974     2.092
634          0.2632     0.9497   0.003401      1.292  0.005781     2.196
671           2.304     0.9593    0.07009      3.042    0.1448     6.286
645           2.391     0.9954          0          0         0         0
646           2.383     0.9922          0          0         0         0
692           2.304     0.9593    0.07009      3.042    0.1448     6.286
675           2.292     0.9542    0.07652      3.339    0.1464     6.388
611           2.163     0.9004          0          0         0         0
652            2.29     0.9536          0          0         0         0
670           2.358     0.9817    0.03962       1.68    0.0828     3.512
632            2.39     0.9951     0.0243      1.017   0.04968     2.079
680           2.304     0.9593    0.07009      3.042    0.1448     6.286
684           1.496      0.623      0.757      50.59    0.7415     49.55
